Split

0
0
0
0
1
11
23
36
81
154
241
289
327
312
322
286
307
255
221
154
74
49
24
10
0
0
0
0
0
3
13
35
84
161
225
306
292
343
299
293
327
278
224
137
80
43
26
14
0
0
0
0
0
1
4
26
91
183
261
301
314
321
307
318
294
267
229
169
96
49
30
11
0
0
0
0
1
6
8
65
126
199
259
293
309
335
334
300
323
270
221
168
82
42
31
14
0
0
0
0
2
1
9
26
86
175
226
279
295
304
337
289
292
271
221
148
78
44
25
13
0
0
0
0
1
1
8
29
78
151
228
273
323
311
324
310
315
264
219
172
91
49
26
15
0
0
0
0
0
3
10
29
97
141
238
275
295
310
310
300
295
273
222
140
67
40
24
11
0
0
0
1
0
1
8
33
69
133
233
275
295
308
317
313
298
289
241
142
90
46
22
10
0
0
0
1
1
2
11
33
74
149
244
268
307
313
333
331
284
269
222
156
95
44
28
12
0
0
0
0
3
3
13
55
129
193
267
288
288
344
313
321
307
253
234
141
102
49
26
10

