Split

0
0
1
0
0
1
12
25
76
137
201
257
277
314
302
296
291
225
187
114
81
33
18
7
0
0
0
0
1
0
9
18
59
144
213
271
288
281
300
285
258
252
207
108
57
42
19
13
0
0
0
0
0
0
2
29
51
120
207
264
286
312
294
287
282
267
221
138
78
43
18
10
0
0
0
0
0
3
7
22
67
122
213
257
275
307
298
269
250
232
211
114
66
40
29
10
0
0
0
0
1
6
6
18
73
152
225
267
294
320
314
289
292
270
196
130
64
49
17
13
0
0
0
0
0
1
2
10
57
79
171
254
277
310
294
288
279
249
207
116
70
36
20
8
0
0
0
0
1
3
6
24
59
133
234
253
258
309
287
286
287
242
190
128
76
36
21
16
0
0
0
0
0
8
9
20
61
137
213
273
284
308
289
297
264
243
217
146
92
49
25
17
0
0
0
1
2
0
4
19
61
103
209
243
257
293
279
300
276
250
198
113
66
40
22
5
0
0
0
0
0
2
17
24
41
132
211
263
280
289
300
287
267
246
191
121
59
34
23
11

