Split

0
0
0
0
1
2
2
4
22
76
131
201
248
261
256
252
214
166
127
70
46
21
12
6
0
0
0
0
0
0
1
15
28
57
126
195
227
259
245
249
236
196
127
73
43
24
18
12
0
0
0
0
1
1
2
13
24
57
121
184
218
222
236
229
170
161
117
56
43
13
12
8
0
0
0
0
2
4
1
3
33
64
126
202
203
245
229
243
221
171
131
56
29
31
17
10
0
0
0
0
1
2
3
8
18
52
108
177
199
240
224
223
232
148
109
77
39
23
18
5
0
0
0
0
0
0
3
17
21
65
139
177
222
247
234
240
211
174
102
67
38
16
13
10
0
0
0
0
0
1
5
14
29
49
112
178
212
251
230
242
207
161
97
76
34
17
18
6
0
0
0
0
0
1
3
11
30
54
134
202
229
242
234
253
215
175
142
65
42
28
14
8
0
0
0
0
0
0
5
12
23
72
84
192
221
226
229
239
218
184
123
73
30
22
12
7
0
0
0
0
1
1
2
18
52
77
137
199
229
245
259
239
199
165
102
62
37
31
13
11
0
0
0
0
0
0
2
8
21
64
103
137
224
225
264
243
215
167
125
87
41
16
16
6
0
0
0
1
1
0
2
13
25
71
113
162
204
223
244
221
198
141
117
73
37
20
12
8
0
0
0
0
1
2
5
9
33
46
111
177
222
253
250
243
206
133
114
72
43
20
15
8
0
0
0
0
1
0
4
12
19
80
106
182
229
231
240
239
205
179
116
58
35
15
17
5
0
0
0
0
0
1
3
5
27
58
119
201
229
248
220
225
217
179
91
62
38
25
12
7
0
0
0
0
0
0
0
7
28
55
116
183
220
207
235
227
221
184
120
59
35
28
14
11
0
0
0
0
1
0
3
12
17
53
125
175
203
242
230
237
220
167
131
71
46
22
13
7
0
0
0
0
0
1
1
6
28
72
108
176
219
219
240
219
228
157
126
70
36
24
14
10
0
0
0
0
0
3
5
9
26
66
116
168
238
255
234
233
229
192
125
79
42
24
14
13
0
0
0
1
0
0
0
4
19
47
93
202
208
252
239
232
205
163
93
55
44
22
14
9
0
0
0
0
0
4
4
6
19
83
108
163
229
240
241
235
223
161
100
81
36
19
10
9
0
0
0
0
0
0
0
3
24
38
79
128
212
238
251
240
225
147
107
75
40
26
11
8
0
0
0
0
4
2
2
12
43
85
135
195
230
268
245
239
246
190
140
91
42
24
20
9
0
0
0
0
0
0
5
9
29
48
102
159
197
216
227
239
207
167
128
70
35
18
10
12
0
0
0
0
0
0
5
16
21
67
119
177
211
206
230
225
214
148
106
74
42
19
11
11
0
0
0
0
2
1
0
11
30
63
118
174
224
248
237
228
204
169
114
77
52
20
13
7
0
0
0
0
0
1
4
10
28
61
87
138
218
233
241
224
203
153
107
84
45
24
12
8
0
0
0
1
0
1
4
9
29
67
107
164
224
235
236
233
223
168
119
67
38
22
14
9
0
0
0
1
1
0
2
7
21
62
141
199
197
251
227
228
214
163
124
73
40
18
14
8
0
0
0
0
1
2
5
18
34
74
104
206
216
242
228
233
218
155
115
65
40
24
13
10
0
0
0
2
0
3
7
8
32
54
125
166
215
223
231
248
219
178
105
55
44
22
14
12
0
0
0
0
0
0
5
6
32
51
100
169
209
243
232
220
216
189
109
72
40
28
8
11

