ML

0.0
0.0
0.0
0.0
0.5
2.0
1.5
2.0
5.5
20.5
31.5
65.5
79.0
106.0
100.0
108.5
81.5
68.5
34.5
31.0
16.0
14.5
9.0
2.5


ML

0.0
0.0
0.0
0.0
0.0
0.5
0.5
3.0
2.5
13.5
34.5
55.0
74.0
99.0
104.0
97.5
76.0
50.5
44.5
30.0
16.5
10.5
10.0
4.5


ML

0.0
0.0
0.0
0.025
0.3
0.55
1.325
3.025
8.45
17.875
37.475
63.675
87.575
106.925
112.675
105.3
87.9
68.325
46.975
30.05
18.625
11.675
8.075
4.9


ML

0.025
0.0
0.075
0.075
0.15
0.875
2.2
7.35
18.325
42.425
76.975
123.4
163.625
190.3
198.175
190.375
155.925
119.7
79.025
50.025
30.55
17.45
10.9
6.9


ML

0.0
0.0
0.03125
0.3125
0.3125
1.25
3.53125
9.875
24.65625
52.875
96.09375
151.46875
197.6875
219.34375
225.625
217.15625
191.09375
150.65625
99.28125
60.71875
36.21875
22.09375
12.375
7.375


ML

0.0
0.0
0.0
0.1875
0.5625
1.03125
2.96875
9.84375
27.03125
62.125
114.15625
178.375
218.3125
238.625
237.4375
235.0
214.96875
167.21875
115.90625
70.15625
39.75
22.0625
13.6875
8.78125


ML

0.0
0.1
0.2
0.3
0.8
2.8
7.7
21.5
46.9
101.1
182.4
231.5
260.5
272.6
272.8
268.6
253.7
220.7
154.2
91.5
52.4
30.2
16.2
9.4


ML

0.0
0.0
0.1
0.1
0.5
2.4
7.4
20.9
60.5
125.9
209.7
260.2
277.6
304.3
295.7
288.4
274.6
247.6
202.5
122.8
70.9
40.2
21.2
11.0


ML

0.0
0.0
0.0
0.2
0.9
3.2
10.7
36.7
91.5
163.9
242.2
284.7
304.5
320.1
319.6
306.1
304.2
268.9
225.4
152.7
85.5
45.5
26.2
12.0


ML

0.0
0.0
0.5
0.5
3.75
5.75
20.25
42.75
109.5
221.0
274.5
317.75
336.5
345.25
348.0
339.75
323.25
292.5
253.5
198.75
115.75
53.75
30.75
14.5


