Split

0
0
0
0
1
1
3
8
24
65
111
151
204
212
240
232
183
154
108
66
36
33
14
6
0
0
0
1
1
4
3
7
27
51
102
172
207
221
232
223
206
160
100
64
29
17
17
8
0
0
0
0
0
2
0
8
19
42
94
146
196
227
223
207
186
161
100
80
31
22
15
8
0
0
0
1
0
3
13
6
24
68
125
182
216
233
237
221
214
157
125
70
42
22
11
7
0
0
0
0
1
0
4
11
14
56
84
142
222
249
239
227
212
167
108
68
37
23
17
5
0
0
1
0
1
2
8
12
35
66
95
142
210
216
220
224
202
156
106
67
32
30
13
9
0
0
0
1
0
0
0
3
16
36
48
96
148
194
236
205
169
135
92
58
36
17
17
7
0
0
0
2
0
0
6
18
27
56
102
158
207
225
232
227
168
154
87
58
35
21
13
5
0
0
0
0
0
3
1
6
17
56
90
126
167
196
219
227
213
136
97
73
37
23
9
7
0
0
0
0
0
1
9
9
27
46
98
164
210
236
241
206
198
153
103
59
27
24
12
12
0
0
0
0
1
5
7
13
24
64
117
176
222
241
226
219
191
156
96
50
42
21
13
10
0
0
0
0
0
1
2
3
17
57
86
135
175
218
233
226
194
161
88
61
32
20
15
5
0
0
0
0
1
1
3
15
27
51
88
146
225
227
225
244
200
153
101
65
30
16
15
5
0
0
0
0
1
1
4
6
20
26
96
167
199
224
240
216
180
144
86
53
35
24
11
8
0
0
0
1
0
1
3
6
23
71
98
163
217
223
217
230
192
156
99
59
45
23
7
9
0
0
0
0
1
0
1
17
29
59
77
169
167
218
229
244
195
168
96
49
45
21
9
8
0
0
0
0
0
2
4
7
27
55
95
144
196
213
225
226
192
128
110
53
34
19
14
6
0
0
0
0
0
4
2
14
33
46
130
168
203
224
213
222
190
159
109
63
31
21
9
9
0
0
0
0
0
0
3
7
22
45
82
119
194
204
216
210
187
159
94
73
35
28
12
6
0
0
0
0
0
1
7
5
26
39
96
147
181
215
223
193
188
132
108
72
33
18
18
5
0
0
0
1
0
1
4
12
17
70
115
163
219
235
218
227
202
154
116
61
45
28
8
9
0
0
0
0
0
0
3
12
20
43
88
148
202
236
234
212
210
149
96
67
33
21
9
8
0
0
0
0
0
0
1
4
25
57
109
172
214
245
214
214
195
132
101
47
40
24
7
6
0
0
0
0
0
2
0
17
34
56
113
157
209
215
229
195
192
159
106
54
33
19
14
7
0
0
0
0
0
0
3
5
25
43
88
163
174
212
218
194
147
146
101
67
36
24
6
13
0
0
0
0
0
0
1
8
32
44
83
130
178
215
216
221
186
145
82
50
41
25
16
7
0
0
0
1
1
2
3
14
36
56
112
160
195
214
227
210
189
153
83
56
35
21
13
6
0
0
0
0
1
0
2
14
24
41
90
143
192
204
217
207
195
142
84
50
36
20
14
5
0
0
0
1
0
1
4
9
23
53
84
139
199
210
216
219
202
163
121
68
48
19
20
6
0
0
0
1
0
2
5
18
26
84
114
166
210
217
224
217
209
153
102
60
43
20
10
9
0
0
0
0
0
0
2
10
27
49
94
157
173
201
224
202
175
144
88
54
32
19
8
6
0
0
0
0
0
0
2
12
22
41
71
136
195
199
217
202
153
132
84
48
33
24
10
9

