ML

0.0006897525999875143
0.0
0.001706127449995165
0.001900461825016464
0.0030971497000280125
0.01339326263332925
0.020792594377102954
0.022688330138507885
0.024549234338164565
0.026064365431800574
0.02711113294479541
0.029182919354029696
0.030048973129107176
0.031036697788849803
0.031591232220632134
0.03188020279316499
0.030256227574455362
0.029091039928381697
0.028044254926364476
0.02593680088500403
0.024584485742821557
0.02426763620925263
0.023701574176377388
0.02221163900538999


ML

0.0
0.0
0.0006828326875023549
0.006203199734320819
0.006473163749981331
0.012937499721848527
0.020669328320784386
0.022357760419108346
0.025150854192037067
0.025545217519729387
0.02740385489563818
0.029205595555740874
0.03186173250930313
0.031735344772187306
0.031224457720498356
0.031236848819021286
0.030293615302256383
0.02980936841753062
0.029081566793570945
0.027369121688976913
0.02544331235909428
0.024706038857558142
0.023383172985606628
0.02259420180368891


