ML

0.0
0.0
1.003061224489796e-06
5.01530612244898e-07
5.01530612244898e-07
6.683670005680481e-07
3.9002115636341383e-07
9.066972253777027e-07
1.7291499283748633e-06
3.980443392709982e-06
5.777401478628137e-06
1.049942524623137e-05
1.4703142419670749e-05
1.8071555093827488e-05
1.9532759305665593e-05
2.0433217584889212e-05
2.028669534018789e-05
1.9831332429756178e-05
1.92116991287637e-05
1.870369457121108e-05
1.8375731381538485e-05
1.8186025671281515e-05
1.806052552404405e-05
1.798121101738986e-05


ML

0.0
0.0
0.0
0.0
0.0
5.477107743250127e-07
9.434163195638503e-07
1.4775739662179215e-06
2.0636580733541327e-06
4.76003168102467e-06
7.812500593718793e-06
1.3356904684905114e-05
1.7149401978758722e-05
1.981622595804569e-05
2.0960218294896037e-05
2.172680680992598e-05
2.2177781206048074e-05
2.1853153871681268e-05
2.1209009920771537e-05
2.0727000809559745e-05
2.0374741780208294e-05
2.0143076200746153e-05
2.0007854153519825e-05
1.9930537035136658e-05


