ML

11.75
0.0
35.25
35.25
62.625
270.64583333333337
475.0625
699.0498307656396
776.1484383773237
832.2531730868717
960.2376666181369
1085.2949441886003
1213.8391788888448
1298.896452865909
1331.611651487676
1304.9203604304216
1194.328765743625
1078.4290284244655
978.9462412204699
856.0491317323709
810.8497093588257
776.670937590083
751.3820941925721
708.7708555333558


ML

0.0
0.0
14.6875
137.03125
146.875
347.578125
560.8765739468864
728.8420832639582
791.2486921702317
869.307445197599
1014.6965145009981
1173.1032793811305
1324.1791978241024
1387.089205354801
1399.4729593099496
1384.6429628987414
1302.0833960669793
1170.9747558593044
1028.2885621688756
910.2583421399227
822.6395305627608
790.7641505242536
754.7266525600625
725.6313148656901


