ML

0.0
0.0
235.0
235.0
631.4583333333334
694.0119047619048
780.221264367816
845.6263409520886
1037.254632957904
1378.6900550139726
1475.033145230942
1496.282622189408
1525.0339491074697
1515.7989282584904
1529.5426966651496
1518.9101703415572
1501.7582945111253
1488.558046376955
1459.8405908551476
1325.8532783423825
1061.1418746167135
874.3255200774067
815.3085768398269
773.7466063348415


ML

0.0
0.0
0.0
208.33333333333334
208.33333333333334
156.66666666666666
416.6666666666667
573.3333333333334
736.0196078431372
790.2992196209588
828.5204991087344
982.201336675021
1038.4643534871618
1119.109580605879
1072.8706979385045
1104.785198093961
1052.7261813159712
974.5438086817397
918.7211902304781
817.980121989745
777.5658954148657
774.0873015873016
735.2380952380953
660.1111111111112


ML

0.0
0.0
0.0
0.0
0.0
0.0
573.3333333333333
600.0
740.0
764.9166666666667
831.4622641509434
916.5942678011643
1063.625116713352
1129.1953104183322
1154.560401119403
1166.5298507462687
1067.7884615384614
972.7406504065041
874.5272904483431
824.4768934531451
806.3888888888889
766.7329545454545
723.1666666666667
706.9047619047619


ML

0.0
0.0
0.0
0.0
0.0
547.5
599.1666666666667
710.25
753.153409090909
782.9558823529412
882.209595959596
959.0613026819924
1073.830019296921
1117.5522243713733
1158.7461809635724
1155.4097424179477
1030.9486945962356
969.1645995747697
861.4807412790698
805.6265664160401
785.9375
765.5555555555555
733.3766233766233
696.5714285714286


ML

0.0
0.0
0.0
0.0
338.3333333333333
235.0
470.0
689.5833333333333
713.5714285714286
767.5420168067227
815.1351351351352
933.5803689064559
1024.6636193155182
1063.192528735632
1065.4027777777778
1047.4681154556133
990.797993616051
921.5419863597613
856.5136054421769
812.9054054054054
766.875
770.5238095238095
732.8888888888889
732.7380952380952


ML

0.0
0.0
0.0
0.0
235.0
470.0
235.0
702.5
717.8787878787879
785.8035714285714
808.9270152505446
825.2530712530713
931.7664219838132
1026.0161163522012
1074.207476635514
1017.4232728996326
960.2744391025641
933.3237425404944
847.0895222802087
799.023569023569
791.1263157894737
746.4935064935064
707.6190476190476
719.1071428571429


ML

0.0
0.0
0.0
0.0
0.0
547.5
547.5
470.0
759.248366013072
791.9047619047619
847.205500778412
985.539488320356
1062.2347242921014
1155.51570964247
1182.4512642347036
1198.6963975388662
1059.76173541963
1002.7363615349052
889.897504456328
842.0745243128964
788.6466165413533
768.8461538461538
732.8888888888889
720.2678571428571


ML

0.0
0.0
0.0
0.0
235.0
470.0
521.6666666666667
328.0
676.6666666666667
786.0551948051948
813.2169312169312
873.2281167108754
957.0560477657936
967.0732166384341
966.0555555555555
994.95628134242
956.2865497076024
837.8169515669515
814.2200854700855
789.6393762183236
778.3760683760684
770.2820512820513
711.4583333333333
663.75


ML

0.0
0.0
0.0
0.0
0.0
235.0
235.0
470.0
725.1388888888889
721.047619047619
777.7631578947369
830.4199328107503
890.020337922403
981.2336601307189
935.3042614662334
979.0845588235294
894.4747899159663
858.2971938775511
811.2156862745098
776.9230769230769
768.1597222222222
741.909090909091
748.7142857142858
715.4166666666667


ML

0.0
0.0
0.0
0.0
0.0
0.0
312.5
676.6666666666666
650.8333333333333
774.1538461538462
800.0357142857142
841.7395104895105
874.8983957219252
932.420546932742
988.5863787375415
977.8932926829268
963.3615659702616
877.2916666666667
825.5409356725146
801.0896551724138
773.562091503268
717.5
729.1666666666667
711.25


ML

0.0
0.0
0.0
0.0
0.0
0.0
235.0
635.3333333333333
706.1904761904761
783.7426900584795
803.948717948718
876.4349376114083
910.5067481538069
999.7571375602522
963.8493823249921
951.6172161172161
949.3052109181142
895.4252981795355
813.9444444444443
785.8571428571429
778.0952380952381
766.7857142857142
723.1666666666667
687.0


ML

0.0
0.0
0.0
0.0
0.0
0.0
470.0
547.5
671.5
767.7777777777778
810.6451612903226
819.0203761755486
893.4534412955466
943.6445147679325
940.4663865546219
939.0320512820513
900.175296029719
868.6904761904761
827.0518207282913
786.1036789297659
705.952380952381
723.0952380952381
678.3333333333333
625.0


ML

0.0
0.0
0.0
0.0
0.0
0.0
625.0
235.0
651.6666666666667
770.4166666666666
791.4078947368421
813.4285714285714
933.4161041465766
900.0525210084033
1007.1518803542907
948.3119003878343
931.8794326241135
893.1319444444445
827.6788124156545
802.1693121693122
757.3888888888889
740.590909090909
726.8571428571429
702.5


ML

0.0
0.0
0.0
235.0
0.0
235.0
470.0
470.0
719.0
752.3939393939395
769.5888157894738
851.0833333333333
907.43708269132
939.3910837259878
980.4918918918919
901.445274831244
867.0788581119277
837.6414141414141
814.5
801.448275862069
744.5833333333333
752.7272727272727
745.5714285714286
650.8333333333333


ML

0.0
0.0
0.0
0.0
0.0
235.0
235.0
470.0
640.5
763.8461538461538
756.3064516129032
828.9444444444445
865.5981095176011
891.8370298939248
912.4425915800985
891.7708333333333
873.7728194726167
848.5530652603823
788.8095238095239
787.1929824561404
734.8571428571429
753.1313131313132
632.75
470.0


ML

0.0
0.0
0.0
0.0
0.0
0.0
0.0
547.5
728.3333333333334
735.4444444444443
797.0114942528736
827.699146514936
841.3949275362319
929.7727272727273
881.4371584699454
842.6136363636364
877.6673469387755
830.875
800.2142857142858
763.1221719457014
765.5454545454545
715.2272727272727
671.5
650.8333333333333


ML

0.0
235.0
0.0
0.0
0.0
0.0
521.6666666666667
547.5
666.3333333333333
718.0
778.3006535947713
818.4022394487511
859.4801641586868
860.8018867924528
911.6417112299465
921.0981735159817
934.1141439205956
861.1163522012578
806.3343328335832
761.3322368421052
752.4166666666667
741.1666666666667
703.3333333333333
723.1666666666667


ML

0.0
0.0
0.0
0.0
0.0
235.0
470.0
547.5
685.625
727.3611111111111
776.0833333333333
816.447628458498
856.0555555555555
842.6531862745098
898.6339421613394
912.3832417582419
853.2533399307274
813.1024667931689
804.7058823529412
787.0833333333333
761.3636363636364
750.5357142857142
650.8333333333333
646.6666666666667


ML

0.0
0.0
0.0
0.0
0.0
470.0
0.0
235.0
711.6666666666666
737.7272727272727
787.816742081448
810.1111111111111
903.8571428571429
970.3789682539682
915.4930086788813
886.5800477897252
861.5519125683061
875.3
809.7708333333333
792.4264705882354
765.7692307692307
741.6071428571429
532.0
687.0


ML

0.0
0.0
0.0
0.0
0.0
235.0
0.0
521.6666666666667
617.25
714.8333333333333
791.0869565217391
802.3611111111111
841.7391304347826
878.25
942.340383862123
966.0684121621622
879.5793269230769
828.7486573576799
808.2179487179487
781.4542483660131
756.0784313725491
720.8730158730159
650.8333333333333
676.6666666666666


ML

0.0
0.0
235.0
0.0
0.0
235.0
0.0
312.5
686.9444444444445
721.0
786.4328063241106
815.4466230936819
844.2691029900332
873.3547237076649
980.0
896.577380952381
879.0384615384615
850.624303232999
793.2407407407408
777.8496503496503
756.25
732.875
666.3333333333333
689.5833333333333


ML

0.0
0.0
235.0
0.0
0.0
0.0
235.0
470.0
618.0769230769231
734.0
783.4615384615385
825.6092843326886
823.9147286821706
879.6188475390156
920.047619047619
941.3104929895975
883.6390079608084
822.1904024767803
805.6944444444443
775.2614379084966
753.9166666666667
744.0151515151515
658.2142857142858
702.5


ML

0.0
0.0
0.0
0.0
0.0
312.5
573.3333333333333
521.6666666666667
734.715909090909
777.5
817.5327034883721
969.9183006535948
1025.920868347339
1072.4781813063064
1049.8024714472945
1063.715199662542
1052.5238095238096
909.7153846153847
844.5341981132076
813.5256410256411
796.2154150197628
757.3333333333333
722.5
702.5


ML

0.0
0.0
0.0
47.0
70.5
258.25
328.49999999999994
592.5083333333334
685.4823830409357
774.5952597464449
828.5826699098625
928.0434227630125
990.8812493883968
1045.9629941879484
1052.0430777310319
1038.308961081261
999.1701359316627
913.4017486801264
845.1027588713465
809.1462182520024
783.6727897428775
750.9198240893094
720.3170634920635
667.2059523809523


ML

0.0
0.0
0.0
0.0
0.0
470.0
470.0
470.0
757.7777777777778
791.8333333333333
842.008658008658
883.9491421568628
994.4688644688645
1043.8448979591835
1039.7282608695652
1008.6694966646453
1026.2311448724904
889.6616541353384
857.3271276595744
809.5
777.9807692307693
744.4102564102564
723.125
708.3333333333333


ML

0.0
0.0
235.0
0.0
0.0
0.0
235.0
625.0
750.9615384615385
786.9348659003831
829.4583333333333
895.3110599078341
953.7971304637972
1015.6479915433404
1047.6951399116347
1025.3433763749401
983.8775252525252
907.457757296467
876.1607142857142
805.0967741935484
786.25
760.2392344497607
711.4583333333333
676.6666666666667


ML

0.0
0.0
0.0
0.0
0.0
0.0
0.0
0.0
0.0
0.0
0.0
0.0
0.0
0.0
0.0
0.0
0.0
0.0
0.0
0.0
0.0
0.0
0.0
0.0


