ML

0.0
0.0
0.0
0.0
0.0
0.0
4.5892695360643065e-07
3.2914303553940427e-06
9.885372504879206e-06
1.9147438736685537e-05
2.0452710313816202e-05
2.1323686232886785e-05
2.1895658665950472e-05
2.181673220700115e-05
2.2423674607178284e-05
2.2767753460313605e-05
2.3100234487162972e-05
2.3184782678185243e-05
2.319589008411804e-05
2.354141113070936e-05
2.307367366435686e-05
2.280993362571447e-05
2.2641223293600128e-05
2.2556321155579024e-05


ML

0.0
0.0
0.0
0.0
4.169848137778909e-07
4.169848137778909e-07
2.0849240688894546e-07
1.1913851822225454e-07
2.888842568638922e-06
1.928818205874564e-06
3.412646364680821e-06
7.3698520450866565e-06
1.1144415679705447e-05
1.2452621694289098e-05
1.299710133735481e-05
1.3954700511204872e-05
1.3663094133895484e-05
1.3528670869317223e-05
1.3129825214397867e-05
1.2663275650335635e-05
1.2457543627267882e-05
1.2328781244195475e-05
1.2246685946348012e-05
1.2175226221371215e-05


ML

0.0
0.0
0.0
0.0
0.0
0.0
0.0
0.0
5.354281257635304e-06
2.5630202729009827e-06
3.1824280381047154e-06
4.595985698462399e-06
8.757455397764848e-06
1.1045551654321087e-05
1.2705964881246564e-05
1.3714855019647253e-05
1.3771357494681008e-05
1.3690143498862938e-05
1.3237211661534933e-05
1.2712722155467163e-05
1.2422988083241622e-05
1.2294212483095366e-05
1.22240386105626e-05
1.218455224189564e-05


ML

0.0
0.0
0.0
0.0
0.0
0.0
3.1711662359212295e-06
4.27262799631513e-06
3.8145095165254106e-06
3.441716284598547e-06
5.822095970779024e-06
8.62191845147725e-06
1.0478914122012949e-05
1.2566106302244749e-05
1.4123615455822628e-05
1.6257865325170463e-05
1.5207816480313904e-05
1.430227583180654e-05
1.3799721228632558e-05
1.347822988471424e-05
1.3230382147987944e-05
1.3082707320051133e-05
1.2974257874287768e-05
1.2934402765708867e-05


ML

0.0
0.0
0.0
0.0
0.0
0.0
0.0
0.0
1.6717687074829936e-06
1.7006483750281339e-06
2.923567729556401e-06
5.899037176043987e-06
8.566570650307417e-06
9.311740920528745e-06
1.096667083610862e-05
1.0834617987831954e-05
1.1052970148519352e-05
1.0712345313371988e-05
1.0256570426581344e-05
9.873261756736348e-06
9.731067415976856e-06
9.575563692642637e-06
9.494560374303703e-06
9.421091061266609e-06


ML

0.0
0.0
0.0
0.0
0.0
0.0
0.0
0.0
0.0
1.7802889605120739e-06
2.165519355611578e-06
2.0168178855601144e-06
4.5693768269117296e-06
8.17287992077579e-06
9.317138166244639e-06
9.140086186005975e-06
9.51786634551453e-06
9.56973626597899e-06
9.34044143687311e-06
9.222425121181734e-06
8.949573320417212e-06
8.847370340024552e-06
8.785279090153262e-06
8.697757303841081e-06


ML

0.0
0.0
0.0
0.0
0.0
0.0
6.683670005680481e-06
5.124487486780185e-06
1.9753540971314388e-06
4.175850184204123e-06
5.191391376203876e-06
7.3068157451697555e-06
9.79192456615858e-06
1.149444585106534e-05
1.4141140733904886e-05
1.6293776695461898e-05
1.572740724864879e-05
1.5065133199629615e-05
1.4408538293382475e-05
1.3874418180434646e-05
1.3585388727771736e-05
1.3425725691600757e-05
1.3339664154038527e-05
1.3267920159862726e-05


ML

0.0
0.0
0.0
0.0
0.0
0.0
0.0
0.0
1.962781039095883e-07
2.8258443849136116e-06
3.27808749857825e-06
3.604953150484025e-06
4.340179096100723e-06
4.896433452453555e-06
5.479103638539766e-06
6.027847940656958e-06
6.461888246803555e-06
6.151460830737703e-06
5.976603050885695e-06
5.822487703044192e-06
5.687407979611247e-06
5.583585574174262e-06
5.529493493598092e-06
5.495626729964846e-06


ML

0.0
0.0
0.0
0.0
0.0
0.0
0.0
0.0
0.0
7.943434343434344e-08
2.384265225699924e-07
4.6770482071419995e-06
6.043933129018614e-06
6.429153820994649e-06
7.2502934792924276e-06
7.997841537563597e-06
7.59983881479405e-06
7.333787982124803e-06
7.0038461261026295e-06
6.7997168624648244e-06
6.590457236879712e-06
6.506283489245986e-06
6.410128966993726e-06
6.353962441188339e-06


ML

0.0
0.0
0.0
0.0
0.0
0.0
0.0
0.0
1.0730660068408412e-06
3.971093708140479e-07
2.9708728818356547e-06
4.850040309998279e-06
3.7228662695241337e-06
6.294257863239737e-06
6.29203929340717e-06
7.669785733746297e-06
7.162159253055191e-06
7.139953126175629e-06
6.7965694751533e-06
6.607982025053186e-06
6.446209665199149e-06
6.3279672999840705e-06
6.2762989749466155e-06
6.230982995072877e-06


ML

0.0
0.0
0.0
0.0
0.0
0.0
3.3367277664630012e-06
5.561212944105002e-07
5.133427333020002e-07
1.6038505097837619e-06
2.7758218352340423e-06
4.431055326235218e-06
4.6177967740398745e-06
7.867550059648325e-06
7.116076862208717e-06
7.112461328295601e-06
7.522286302280212e-06
7.43041154691918e-06
7.0524678065496085e-06
6.955154985678596e-06
6.823613976831047e-06
6.701687219567858e-06
6.689739619571449e-06
6.63973375867056e-06


ML

0.0
0.0
0.0
0.0
0.0
0.0
6.254772206668364e-07
3.127386103334182e-07
1.3899493792596362e-07
3.1977828868279155e-06
3.6738288095552353e-06
3.8920184278954885e-06
5.378299020290918e-06
6.659335380419832e-06
7.293650811551661e-06
7.181722419340689e-06
7.29345474007152e-06
7.287880796192518e-06
7.055558950255463e-06
6.810529541681836e-06
6.694349443035976e-06
6.584414494654233e-06
6.5383016599537726e-06
6.526271736400421e-06


ML

0.0
0.0
0.0
0.0
0.0
0.0
0.0
0.0
0.0
1.8238878255828106e-06
1.1671579645833723e-06
1.8778051796345025e-06
3.84647247879322e-06
3.931673306277743e-06
5.348809007298529e-06
6.356786178401528e-06
6.855919419018898e-06
6.346732563333096e-06
6.180815122154719e-06
6.0308317014449104e-06
5.885374500438745e-06
5.790556629262836e-06
5.731482898269028e-06
5.727767465198356e-06


ML

0.0
0.0
0.0
0.0
0.0
0.0
0.0
0.0
2.5076530612244904e-06
1.2289557017080667e-06
9.64763802423543e-07
2.0088574285270727e-06
5.963345712037929e-06
8.521475413533877e-06
8.819896106672072e-06
8.640121352663004e-06
8.20004453627825e-06
8.339894148562262e-06
7.95178442812932e-06
7.633278376815654e-06
7.524122081746467e-06
7.3855629186318896e-06
7.357520655637274e-06
7.311241671945342e-06


ML

0.0
0.0
0.0
0.0
0.0
0.0
0.0
0.0
0.0
2.3413817402714406e-06
1.6362411937332116e-06
5.263686117213556e-06
4.342923852857598e-06
4.207480138106885e-06
5.165909731566795e-06
5.954573554001097e-06
6.347149707500383e-06
6.50742290940725e-06
6.184821181620634e-06
6.125306185617484e-06
5.948427493103967e-06
5.834656604254211e-06
5.781987838599915e-06
5.798633885060062e-06


ML

0.0
0.0
0.0
0.0
0.0
0.0
0.0
0.0
0.0
8.722271517302575e-07
1.8547994368215452e-06
1.8329354289053715e-06
3.4998027155150906e-06
7.124102713197559e-06
6.680525258931516e-06
6.09627810474404e-06
5.9536862571093315e-06
5.745081492434604e-06
5.605033796102329e-06
5.526107228153903e-06
5.391706179298428e-06
5.335774057948876e-06
5.282316770750104e-06
5.252217818091966e-06


ML

0.0
0.0
0.0
0.0
0.0
0.0
1.1122425888210005e-06
1.5015274949083504e-06
6.740864174672729e-07
3.8416273627041134e-07
5.630497312783198e-07
1.4254454625018817e-06
1.2383868315772484e-06
2.8958291909271077e-06
3.951956175415148e-06
4.627407944038324e-06
4.704733557092078e-06
4.624683374980081e-06
4.4414615332289546e-06
4.289586869497301e-06
4.196320966261262e-06
4.127230879726167e-06
4.089482891509109e-06
4.043997029241198e-06


ML

0.0
0.0
0.0
0.0
0.0
0.0
7.511462047885888e-06
2.5038206826286292e-06
6.828601861714444e-07
3.16407920666842e-06
4.049048003155348e-06
2.8845149046462937e-06
3.822488519348321e-06
4.697811523705703e-06
5.148895242170718e-06
5.451575241194727e-06
5.9337539311375816e-06
6.004181981724517e-06
6.377320302165037e-06
6.1855047894441915e-06
6.029073065405974e-06
5.93453516877075e-06
5.881078151345484e-06
5.8314006218912525e-06


ML

0.0
0.0
0.0
0.0
0.0
0.0
0.0
0.0
0.0
0.0
3.443118064539981e-07
1.3162634571268808e-06
5.711899107160946e-06
7.192227705506753e-06
7.581489934856317e-06
7.577512686180384e-06
7.808151570244996e-06
8.241434944378078e-06
7.729655525917482e-06
7.54534414026609e-06
7.361274493557241e-06
7.252897780736764e-06
7.199026723222503e-06
7.128606009583744e-06


ML

0.0
0.0
0.0
0.0
0.0
0.0
0.0
0.0
3.0445969901613707e-06
2.1312178931129595e-06
1.5955398019258103e-06
2.1528416936998414e-06
4.72082362391399e-06
4.911752247224411e-06
5.146073996461239e-06
6.370456936310602e-06
6.245356407652267e-06
6.117035835854442e-06
5.861598054961702e-06
5.835889471685046e-06
5.702059923398379e-06
5.624269440869156e-06
5.580347274295216e-06
5.512596644553737e-06


ML

0.0
0.0
0.0
0.0
0.0
0.0
0.0
0.0
2.006122448979592e-06
1.003061224489796e-06
1.6894023844346656e-06
1.4060128425479947e-06
2.164018746278932e-06
2.6029538767930955e-06
4.24330880621051e-06
5.409807613320589e-06
5.2652568421289304e-06
5.184572214407713e-06
4.8968621429745145e-06
4.735678667502122e-06
4.619740106763131e-06
4.53548131262641e-06
4.485119175861205e-06
4.435295765102373e-06


ML

0.0
0.0
0.0
0.0
0.0
0.0
0.0
0.0
4.012244897959184e-06
2.267976886400403e-06
1.5716144758430508e-06
3.7126682613940135e-06
3.523841495054341e-06
3.121839116378277e-06
4.635896408930698e-06
6.043709793931975e-06
6.3593860114075675e-06
6.212477222033293e-06
5.783242391957904e-06
5.701460479741994e-06
5.624882227151226e-06
5.538623402031707e-06
5.488166385450589e-06
5.476313418464462e-06


ML

0.0
0.0
0.0
0.0
0.0
0.0
0.0
4.1709097080787515e-07
1.7561725086647374e-07
9.018183152602706e-08
4.349663640376904e-06
6.514852561936422e-06
1.1051617752114663e-05
1.223628903459452e-05
1.2091069172218124e-05
1.2418441578852318e-05
1.1620872550718443e-05
1.0861781363470474e-05
1.0568101886326071e-05
1.020674577174389e-05
1.0007469301019396e-05
9.851810143825612e-06
9.781232903547717e-06
9.735684982565092e-06


ML

0.0
0.0
0.0
0.0
0.0
6.687074829931975e-07
8.018357990164992e-07
8.755739633277679e-07
8.372864720542728e-07
1.7646136696115395e-06
3.557276103655983e-06
5.194337250512244e-06
7.052597886492367e-06
8.630280074103209e-06
9.851439404318848e-06
1.0461595031770698e-05
1.0492947818037486e-05
1.036151457410708e-05
1.002234754943036e-05
9.699141354219438e-06
9.521248952454798e-06
9.399611139233652e-06
9.319480922267511e-06
9.280896453782467e-06


ML

0.0
0.0
0.0
0.0
0.0
0.0
0.0
0.0
8.346068942095431e-07
2.110769722370475e-06
2.9201677635905082e-06
3.816891060224696e-06
5.449813866139336e-06
7.653665569436391e-06
8.05199627797195e-06
7.896182114973137e-06
9.526453905150672e-06
9.240885977704109e-06
9.014509233056744e-06
8.76152464682357e-06
8.614804628078619e-06
8.471820686168155e-06
8.406114577467318e-06
8.36535056409026e-06


ML

0.0
0.0
0.0
0.0
0.0
0.0
0.0
0.0
9.647372261241483e-07
1.990853035012027e-06
1.2924273071194344e-06
3.829461306799112e-06
5.794704710416666e-06
7.631236734590061e-06
9.358113942305773e-06
1.010410304287812e-05
1.08401341146356e-05
1.0654180665521656e-05
1.0297269535645227e-05
1.0044041401988938e-05
9.866142078042485e-06
9.720779199287543e-06
9.654050069778252e-06
9.61699072764452e-06


ML

0.0
0.0
0.0
0.0
0.0
0.0
0.0
0.0
0.0
0.0
0.0
0.0
0.0
0.0
0.0
0.0
0.0
0.0
0.0
0.0
0.0
0.0
0.0
0.0


