ML

0.0
0.0
0.011616522000011953
0.010659829999966064
0.021513381687548534
0.02482807085475614
0.02299940239598786
0.02527000014038203
0.027354519948307184
0.030433887808118947
0.03130545118840852
0.03138797632665817
0.03174221819937106
0.031589520703704375
0.03168527536829509
0.03156248194673548
0.0315160605659384
0.03139884478513707
0.031173974037791527
0.03024285624216102
0.02756755529064421
0.025796109187521253
0.024931321857211447
0.022168594366179902


ML

0.0
0.0
0.0
0.020940240833335604
0.007590019999999938
0.006920884166665549
0.014499267166672972
0.021483960555553436
0.022696022227452078
0.024721550717550545
0.02610405913276248
0.030553143558646884
0.039841512202160374
0.038933823012217095
0.030643022895936536
0.03490177393606031
0.03873851802523532
0.029984402192872506
0.027865515697886024
0.0256290213597921
0.02595517867306422
0.027041583793649782
0.022334577793656763
0.021075845000005228


ML

0.0
0.0
0.0
0.0
0.0
0.0
0.021223171833331854
0.022404891249997526
0.02362655290277655
0.025968556725000445
0.03353068452948243
0.036102934884013435
0.03302243044421065
0.03638224668938253
0.030876900975397338
0.03298152000746121
0.04021763407211806
0.03553471552365808
0.035793493435675505
0.032552224136714915
0.025121368698716364
0.027141947403405003
0.040223669733327465
0.02661613211905606


ML

0.0
0.0
0.0
0.0
0.0
0.03418295049998865
0.033272431833334025
0.03425004337500122
0.0445153658352255
0.04074699037794134
0.042492000936235765
0.049237634148057985
0.05340076074456698
0.04898860055451347
0.059118754476264836
0.0459065552551918
0.036492897035059466
0.04322411885046397
0.04199484636973313
0.04557422987217963
0.044141560687508144
0.04127134810235007
0.039487482376616694
0.027370501642858307


ML

0.0
0.0
0.0
0.0
0.011448226833332834
0.01037970849999681
0.024319725999995878
0.021237329416664785
0.022903290999999104
0.026021099621846143
0.030750328472972717
0.0331501888481556
0.03997110388449425
0.033709062197290765
0.034380809330555054
0.035574727402668135
0.0370397085196099
0.03343388259484441
0.03272429967049237
0.02805307679645368
0.03156110110714737
0.029629262271427523
0.021779427677778546
0.026189132666672096


ML

0.0
0.0
0.0
0.0
0.013818542999999739
0.03524727199999411
0.010474096000000266
0.05053877212500235
0.040742762234848455
0.04911714537797797
0.038154720779412774
0.047002420688698615
0.04232389800978617
0.047162496272012154
0.06650474522145866
0.04728498572401855
0.0424347280096157
0.03017769637915331
0.03229647439602745
0.04169418466582385
0.040325768452637176
0.03795693785714789
0.051928985333334024
0.03675972292857413


ML

0.0
0.0
0.0
0.0
0.0
0.02567005549999246
0.022244671999989585
0.02587357900000864
0.023865421937909647
0.029013923569358772
0.027882169624803547
0.029153465895626014
0.03183436222369637
0.04067197393255631
0.04056971150996364
0.048026191147782595
0.027973221823257597
0.02682370020613514
0.025726256614525246
0.025116422895086046
0.024823145914475084
0.025230986692305963
0.021342391877790433
0.021366938330363183


ML

0.0
0.0
0.0
0.0
0.01609307900000001
0.045068009000006404
0.03539918266666782
0.01990831790000014
0.03123941058333335
0.04043885927922311
0.03921662268518381
0.039574012664192075
0.039767767937691934
0.03625532753914995
0.027744546402656473
0.029432601981870463
0.0356874013815794
0.028851136931980666
0.02912473619765043
0.03526849803021608
0.035310608833331834
0.038911177169230024
0.02734282654166561
0.031627020124997074


ML

0.0
0.0
0.0
0.0
0.0
0.02153131875000014
0.012171844833333298
0.032372493499994714
0.027873264569444597
0.02889986640476072
0.0332775645317989
0.03356389859126521
0.0356664370852631
0.03188247536830034
0.031182749709462273
0.028747991974265624
0.03179012173161712
0.03544803065667481
0.0354563331147077
0.030939275444056016
0.03618077793402917
0.03767112028182024
0.03506539883571744
0.0299298192083306


ML

0.0
0.0
0.0
0.0
0.0
0.0
0.02249038950000326
0.029529075999999987
0.02692577433333354
0.03147857219743592
0.03616943447857206
0.0357102228531468
0.046710056740642034
0.04935547735846327
0.03966558932840489
0.03831701366448102
0.03742734699717696
0.035355580806249634
0.03193444854151918
0.03559733504482833
0.031644785281043156
0.03319817345000165
0.030037096833337294
0.04135763429999741


ML

0.0
0.0
0.0
0.0
0.0
0.0
0.014084812000000113
0.02890425959999942
0.02872293066666535
0.03745558580116837
0.03972900079935894
0.03873996221657835
0.03123969493404708
0.03183791501075338
0.030728133175800018
0.029895066100549872
0.032192311206575966
0.028114513526834993
0.026641125963889484
0.0268720848847602
0.023719776503967855
0.02716573857142838
0.02256298258333113
0.025016236400003323


ML

0.0
0.0
0.0
0.0
0.0
0.0
0.019164604750002034
0.02107517650000368
0.023741901375001782
0.026430450782829046
0.029828066930265087
0.03152529095885569
0.03794157759257809
0.03775047391213074
0.04025745940210117
0.04157902893076998
0.030265845180869
0.02768132985673279
0.026838261219188392
0.025458100750000663
0.022555667255950426
0.02628850596428444
0.022905098583339147
0.022049385749996375


ML

0.0
0.0
0.0
0.0
0.0
0.0
0.029144848249997413
0.025628182500000207
0.04211893504166553
0.04455485201388856
0.03049886924473745
0.03961430824285735
0.04205829582316781
0.04969498314023158
0.04034619730354149
0.032190020304041514
0.03544286325731372
0.03473931741614565
0.029171304427462477
0.03200720203703592
0.02560979120000242
0.02546309961818064
0.024540859328573514
0.024872101999999785


ML

0.0
0.0
0.0
0.020877762000000022
0.0
0.022246848499996474
0.03463007600000534
0.04639445150000565
0.03245721240000102
0.028640849381817494
0.03341381647368427
0.04093881781874992
0.03314061761761717
0.040296402250543845
0.03601584504090162
0.03417266240477494
0.031346106651215615
0.0308113348388873
0.03592555888333351
0.03886543909310314
0.03352577872222342
0.037211470666670445
0.027908953485720644
0.029749840333336643


ML

0.0
0.0
0.0
0.0
0.0
0.012104820999999877
0.009640952999999897
0.022562715000001177
0.02048988067499975
0.023075944785256163
0.030559990332258428
0.02608024738611082
0.03312387949348168
0.03626824420708738
0.0318925339041832
0.03655870990827528
0.03250968286933706
0.03202316073895875
0.029622153488094417
0.038140033402047774
0.027464350264285793
0.02543708509090333
0.02220578107499662
0.024369825999997374


ML

0.0
0.0
0.0
0.0
0.0
0.0
0.0
0.031259569250003505
0.03187591041666645
0.033456468977776994
0.035615685002462844
0.035286286149003664
0.03653246731838776
0.035343257097727454
0.03404704690341504
0.029565609138257926
0.029596383266938378
0.028588678725001107
0.028072156530952158
0.025947957755656174
0.02512680480303032
0.03022836534090749
0.024933423849998703
0.04156035366666563


ML

0.0
0.027043037500000366
0.0
0.0
0.0
0.0
0.04422846758333391
0.04330642199999657
0.03823699888333258
0.03160741809999821
0.04096309565849671
0.046245977000861374
0.050578876403556246
0.05286467854118261
0.04364020931390177
0.04440447795719024
0.04974440632146325
0.04963661753211844
0.04682446948725891
0.04088561651151193
0.04403956007499925
0.03955732549999974
0.04098631441666001
0.0464822912833346


ML

0.0
0.0
0.0
0.0
0.0
0.020947405499995853
0.04472287350000004
0.04362979075000051
0.039456264437500166
0.03708482755555756
0.03990664834166588
0.04715889462598852
0.055715104653333444
0.047051787426469954
0.047351339674657364
0.04732936023104402
0.04149089820856221
0.03632228677324377
0.03282785094117583
0.027915668229163988
0.03984277668181914
0.03816248007737821
0.035336297166670264
0.045725143600001183


ML

0.0
0.0
0.0
0.0
0.0
0.023871443999996522
0.0
0.022145533999999856
0.036967855499999036
0.03067372171818201
0.0357348660328051
0.04152848495555596
0.04194979062142873
0.04678824483392846
0.03882161039959009
0.030749007014337075
0.03599675174043651
0.033065041685318625
0.03071596193958343
0.0325277038933835
0.0344064914615371
0.026916870491074718
0.03824614135000317
0.036172354400002854


ML

0.0
0.0
0.0
0.0
0.0
0.011302245500004915
0.0
0.025059744833332953
0.021963571424998628
0.0236432300333331
0.031933497472826554
0.0346258309647435
0.034208212911780035
0.026755981591666027
0.027021585914511752
0.03232306715287211
0.03458261739182692
0.033752053620568954
0.026671955080769076
0.02741384044281027
0.02543641635294041
0.0325271516190485
0.03208368908333388
0.033725617416667575


ML

0.0
0.0
0.02854799899999705
0.0
0.0
0.018936248000000155
0.0
0.026310622499998715
0.04210286783333138
0.05342466804999977
0.043619301415019664
0.055158587563725686
0.062483391055529844
0.06083225895222779
0.042951597089743526
0.05193175444047545
0.04506906874842745
0.049459241069398724
0.051557369166005965
0.05067769221678199
0.051712377116666514
0.0319162695624998
0.04392161150000268
0.0291209461249989


ML

0.0
0.0
0.02406189699999972
0.0
0.0
0.0
0.013423449000001142
0.03935174500000205
0.0403173507692296
0.047879401577778584
0.049336110667583505
0.04486736049484168
0.04949987870072009
0.05941313886839665
0.06668836825541004
0.06118968454217487
0.05776988790569447
0.06151949457120704
0.047762107430559
0.0638378106732053
0.0564650170499983
0.060086435007575094
0.05559569975000553
0.0551762601666681


ML

0.0
0.0
0.0
0.0
0.0
0.010379464499999935
0.02390996700000514
0.02209440800000243
0.022841875204546603
0.024758173527776775
0.024549138252908297
0.02748855402818678
0.030590745370098888
0.02970803104940905
0.0365846125125924
0.04034789909462744
0.04300414430000027
0.03356526092076789
0.027524350596400814
0.02534457028205267
0.028352582577073994
0.0227317893948722
0.02229110306250348
0.021676278999997578


ML

0.0
0.0
0.0
0.0022401924999996938
0.0077060573999887085
0.0174462240749925
0.013489578499995287
0.020968689173613
0.02447194082196349
0.023887767211145047
0.025593223280004757
0.02666116523352467
0.02781647574884532
0.028686554381877095
0.028098165005238485
0.028666088218831424
0.027935054628818085
0.027044321242076348
0.025443457935410436
0.025407680963057948
0.02441894602317634
0.024193313278741822
0.02473566195370622
0.022907881702196722


ML

0.0
0.0
0.0
0.0
0.0
0.03009597750000248
0.026426682750007924
0.0324798934999988
0.03209063880952483
0.034389801620834715
0.04367084411623426
0.04596114337852275
0.04683697721794891
0.044517619534898356
0.04396103316847917
0.0575838058891444
0.03735217148784761
0.03118411940643473
0.030294818990688678
0.026345895799994423
0.026901491626920713
0.028394947410255795
0.0305915504375065
0.025898367095231425


ML

0.0
0.0
0.003864271499999461
0.0
0.0
0.0
0.0034510350000012124
0.00833507433333458
0.010881134237179867
0.011443115240421286
0.011080634506249874
0.011015022762416773
0.012407536735569033
0.013045940199260034
0.012906132711953993
0.013260389399617762
0.012733037275946863
0.011516340883256105
0.01054302544345194
0.010508420754837693
0.00862831481250197
0.012392644117226237
0.00826113099999759
0.007975151500002237


ML

0.0
0.0
0.0
0.0
0.0
0.0
0.0
0.0
0.0
0.0
0.0
0.0
0.0
0.0
0.0
0.0
0.0
0.0
0.0
0.0
0.0
0.0
0.0
0.0


