removeFogFirstVPON

0.01515960693359375
0.014936685562133789
0.01670050621032715
0.01798558235168457
0.01644158363342285
0.017141103744506836
0.020176410675048828
0.019427776336669922
0.08072829246520996
0.02140951156616211

removeFogFirstVPON

0.015156269073486328
0.016466617584228516
0.016939640045166016
0.020400524139404297
0.018427610397338867
0.017071247100830078
0.021645069122314453
0.020380735397338867
0.07880020141601562
0.01940131187438965

removeFogFirstVPON

0.013844728469848633
0.014195680618286133
0.015234947204589844
0.016185283660888672
0.01441502571105957
0.021715641021728516
0.017067909240722656
0.0176241397857666
0.07349228858947754
0.019406557083129883

