cloud_fog_first

0.012516260147094727
0.013239622116088867
0.010938882827758789
0.015388727188110352
0.010917186737060547
0.01482844352722168
0.01104426383972168
0.011545181274414062
0.011197090148925781
0.012128114700317383
0.011348485946655273
0.011482000350952148
0.011516809463500977
0.014573097229003906
0.0132904052734375
0.012094736099243164
0.012928247451782227
0.011538267135620117
0.01306009292602539
0.011705160140991211
0.013093709945678711
0.012738227844238281
0.0804591178894043
0.016578197479248047

cloud_fog_first

0.012402772903442383
0.010990619659423828
0.010935783386230469
0.01113438606262207
0.01076197624206543
0.010764598846435547
0.010896921157836914
0.01640152931213379
0.023360252380371094
0.011578559875488281
0.010909318923950195
0.01938462257385254
0.012232303619384766
0.011208057403564453
0.011922121047973633
0.012567996978759766
0.01189565658569336
0.011455535888671875
0.012453317642211914
0.01219797134399414
0.015029430389404297
0.015441417694091797
0.09058547019958496
0.012482881546020508

cloud_fog_first

0.011905670166015625
0.011462926864624023
0.010930538177490234
0.011241674423217773
0.011048078536987305
0.01137089729309082
0.013362646102905273
0.013286590576171875
0.011268138885498047
0.013998031616210938
0.011297941207885742
0.012021780014038086
0.01215982437133789
0.012332439422607422
0.012136697769165039
0.011685371398925781
0.011614084243774414
0.012197256088256836
0.011742591857910156
0.012440681457519531
0.01410531997680664
0.0122833251953125
0.08306694030761719
0.012512683868408203

cloud_fog_first

0.004534244537353516
0.0038814544677734375
0.004007101058959961
0.004080057144165039
0.0036542415618896484
0.004541635513305664
0.004065990447998047
0.004121303558349609
0.00632166862487793
0.004816770553588867
0.005970478057861328
0.0047380924224853516
0.0047490596771240234
0.004356861114501953
0.005131721496582031
0.005927085876464844
0.004851579666137695
0.004717350006103516
0.004724025726318359
0.0050737857818603516
0.006076335906982422
0.004817485809326172
0.005039215087890625
0.005391836166381836

cloud_fog_first

0.004485607147216797
0.004073381423950195
0.0040340423583984375
0.004762172698974609
0.00426936149597168
0.0044138431549072266
0.004993915557861328
0.004297494888305664
0.00446772575378418
0.004202842712402344
0.004779338836669922
0.004460573196411133
0.00467228889465332
0.00433659553527832
0.00613093376159668
0.00511622428894043
0.004803180694580078
0.0049495697021484375
0.0045549869537353516
0.0060880184173583984
0.006215333938598633
0.005819082260131836
0.005524158477783203
0.007775306701660156

cloud_fog_first

0.005319118499755859
0.004319429397583008
0.004456758499145508
0.0047833919525146484
0.006097555160522461
0.00461578369140625
0.004554271697998047
0.004263162612915039
0.004625082015991211
0.006364345550537109
0.0054285526275634766
0.0049974918365478516
0.004877328872680664
0.00656437873840332
0.004945993423461914
0.006193876266479492
0.0052301883697509766
0.005512237548828125
0.00483393669128418
0.004888772964477539
0.0051500797271728516
0.007778644561767578
0.005440235137939453
0.0049822330474853516

