Split

0.0
0.0
0.0
0.0
0.0
0.0
0.0
0.0
3.2701916871261574e-08
2.059009580783136e-08
2.445595661956827e-07
3.828142599026889e-06
4.252181883548601e-06
4.391008748477138e-06
4.31907383358322e-06
4.5125554429775325e-06
4.192736588468763e-06
3.888836068836456e-06
3.777497951217698e-06
3.6772503453805703e-06
3.6544083974735905e-06
3.596593163384765e-06
3.5497007479364978e-06
3.531520007975878e-06


Split

0.0
0.0
0.0
0.0
0.0
0.0
0.0
0.0
1.3899493792596362e-07
1.0877864707249328e-07
4.258133166885188e-07
7.00667632603051e-07
8.489450445414517e-07
2.669451181052169e-06
3.4465725698751478e-06
3.918974949539367e-06
3.980644774037391e-06
3.877232134896085e-06
3.832599283597068e-06
3.6965036452718176e-06
3.6430964624239035e-06
3.6615857023433586e-06
3.623284524661745e-06
3.5942414705777143e-06


