Split

0.0
0.0
0.0
0.0
0.0
0.0
0.02575648874999925
0.04213439049999505
0.026091740454547055
0.02763316229999986
0.03570206145454549
0.04135223226882148
0.04187715655967382
0.038129207646452556
0.043282881400406745
0.03800074403717563
0.032936175607572934
0.03038826078758363
0.03009269258781392
0.032308859034523726
0.0277074721071427
0.030585865682693836
0.029939926733331707
0.025081821516666027


Split

0.0
0.0
0.0
0.0
0.0
0.0
0.011598676999999835
0.01876358800000011
0.02368463375555574
0.024909462925324546
0.025063362014285877
0.028023029272340075
0.027979252056985177
0.03083920852685401
0.029015280484432436
0.02654954827344904
0.02532607776428522
0.024752911875475046
0.024313087886088387
0.022830250579167367
0.024993748128343
0.021407112187498946
0.020880461547617572
0.02090658410000401


