Split

0
0
0
1
1
1
8
25
53
122
200
234
256
290
279
262
248
228
130
97
58
32
14
11
0
0
0
0
0
5
13
33
54
111
188
225
266
284
268
261
286
224
179
102
65
33
18
9
0
0
0
0
0
3
15
18
45
92
175
211
258
254
257
277
250
211
158
82
43
25
18
12
0
0
0
0
0
4
4
13
43
108
181
236
248
283
276
263
258
200
151
87
62
28
23
9
0
0
1
0
0
1
8
20
46
113
206
237
264
267
276
269
269
223
155
90
56
29
16
11
0
0
0
1
0
4
8
26
36
104
196
251
294
285
283
268
266
232
157
89
46
32
16
10
0
0
0
1
1
4
9
22
59
88
170
248
258
282
268
283
245
217
153
89
49
36
15
6
0
0
0
0
0
3
3
14
61
86
155
216
253
257
264
281
230
226
157
78
45
31
13
9
0
0
0
0
4
1
6
25
41
92
177
235
248
251
285
263
243
207
149
104
46
28
12
10
0
1
1
0
2
2
3
19
31
95
176
222
260
273
272
259
242
239
153
97
54
28
17
7

