ML

0.0
1.5022924095771777e-06
7.511462047885888e-07
7.511462047885888e-07
4.38120824460978e-07
3.421187272939989e-07
7.023919663987346e-07
1.997914949793329e-06
4.510451998946414e-06
9.175652141388027e-06
1.548389791156164e-05
1.9185795013063387e-05
2.143882966021748e-05
2.1895971116918047e-05
2.2312353484032957e-05
2.2820631128246312e-05
2.279750320104593e-05
2.30851181797299e-05
2.3121502784733495e-05
2.2744573896597038e-05
2.2417493648627064e-05
2.218780276347415e-05
2.206266665664864e-05
2.1983317353785686e-05


