Ci

0.0
3.3984215348564353e-06
1.6992107674282177e-06
1.6992107674282177e-06
8.456568502933754e-07
5.603844223310736e-07
6.421620281570398e-07
1.5670452372231937e-06
1.344153438751593e-06
2.9779706406765954e-06
1.4097382265710103e-06
1.544261803586311e-06
1.3653191699629065e-06
1.41416855379613e-06
1.5461880137802105e-06
1.526503594372023e-06
1.4304283179279824e-06
1.1903957742241111e-06
1.218112427934045e-06
1.17417458293136e-06
1.1506288104687524e-06
1.1325154918388001e-06
1.1353952270131929e-06
1.1290612001686347e-06

